# Created by Octave 4.4.1, Sun Jan 07 18:18:07 2024 GMT <unknown@LAPTOP-4UL5BSB8>
# name: TouchDetails
# type: scalar struct
# ndims: 2
 1 1
# length: 17
# name: piSourcefilename
# type: sq_string
# elements: 1
# length: 76
C:\Users\Hawkear\Ringing Files\Recordings\SMLT\SMLT.20240107-1817.s0t0.6.wav


# name: piRingingdatetime
# type: sq_string
# elements: 1
# length: 13
20240107-1817


# name: piTower
# type: sq_string
# elements: 1
# length: 13
SMLT, Ipswich


# name: piRingingname
# type: sq_string
# elements: 1
# length: 7
Touch 6


# name: piStdev
# type: scalar
39.540233266618806


# name: piStdevpercentStr
# type: sq_string
# elements: 1
# length: 4
20.0


# name: piStdevPct
# type: scalar
20.026295328789626


# name: piTouchlength
# type: scalar
288


# name: piPiecelength
# type: scalar
332


# name: piTouchDuration
# type: sq_string
# elements: 1
# length: 15
11 mins 53 secs


# name: piPieceDuration
# type: sq_string
# elements: 1
# length: 15
13 mins 46 secs


# name: piMethod
# type: sq_string
# elements: 1
# length: 26
Cambridge Surprise Maximus


# name: piPealSpeed
# type: scalar struct
# ndims: 2
 1 1
# length: 2
# name: string
# type: sq_string
# elements: 1
# length: 13
3 hrs 28 mins


# name: numeric
# type: scalar
12476085.669764083




# name: piNBells
# type: scalar
12


# name: piRowsBadInPiece
# type: scalar
19


# name: piTouchFaults
# type: scalar struct
# ndims: 2
 1 1
# length: 2
# name: count
# type: scalar struct
# ndims: 2
 1 1
# length: 3
# name: hand
# type: scalar
338


# name: back
# type: scalar
330


# name: all
# type: scalar
668




# name: mean
# type: scalar struct
# ndims: 2
 1 1
# length: 3
# name: hand
# type: scalar
30.283782665067356


# name: back
# type: scalar
30.802182556962034


# name: all
# type: scalar
30.418046309865119






# name: piExpstring
# type: sq_string
# elements: 0




