# Created by Octave 4.4.1, Sun Feb 04 17:55:31 2024 GMT <unknown@LAPTOP-4UL5BSB8>
# name: TouchDetails
# type: scalar struct
# ndims: 2
 1 1
# length: 17
# name: piSourcefilename
# type: sq_string
# elements: 1
# length: 76
C:\Users\Hawkear\Ringing Files\Recordings\SMLT\SMLT.20240204-1730.s0t0.2.wav


# name: piRingingdatetime
# type: sq_string
# elements: 1
# length: 13
20240204-1730


# name: piTower
# type: sq_string
# elements: 1
# length: 13
SMLT, Ipswich


# name: piRingingname
# type: sq_string
# elements: 1
# length: 7
Touch 2


# name: piStdev
# type: scalar
45.304830441271811


# name: piStdevpercentStr
# type: sq_string
# elements: 1
# length: 4
21.8


# name: piStdevPct
# type: scalar
21.778551452270531


# name: piTouchlength
# type: scalar
264


# name: piPiecelength
# type: scalar
280


# name: piTouchDuration
# type: sq_string
# elements: 1
# length: 15
11 mins 28 secs


# name: piPieceDuration
# type: sq_string
# elements: 1
# length: 15
12 mins 11 secs


# name: piMethod
# type: sq_string
# elements: 1
# length: 17
Grandsire Cinques


# name: piPealSpeed
# type: scalar struct
# ndims: 2
 1 1
# length: 2
# name: string
# type: sq_string
# elements: 1
# length: 13
3 hrs 39 mins


# name: numeric
# type: scalar
13140240.40242972




# name: piNBells
# type: scalar
12


# name: piRowsBadInPiece
# type: scalar
33


# name: piTouchFaults
# type: scalar struct
# ndims: 2
 1 1
# length: 2
# name: count
# type: scalar struct
# ndims: 2
 1 1
# length: 3
# name: hand
# type: scalar
310


# name: back
# type: scalar
318


# name: all
# type: scalar
628




# name: mean
# type: scalar struct
# ndims: 2
 1 1
# length: 3
# name: hand
# type: scalar
33.277089001991214


# name: back
# type: scalar
34.186760841249864


# name: all
# type: scalar
33.653775572850336






# name: piExpstring
# type: sq_string
# elements: 0




