# Created by Octave 4.4.1, Mon Jan 15 22:56:50 2024 GMT <unknown@LAPTOP-4UL5BSB8>
# name: TouchDetails
# type: scalar struct
# ndims: 2
 1 1
# length: 17
# name: piSourcefilename
# type: sq_string
# elements: 1
# length: 76
C:\Users\Hawkear\Ringing Files\Recordings\SMLT\SMLT.20240115-2050.s0t0.6.wav


# name: piRingingdatetime
# type: sq_string
# elements: 1
# length: 13
20240115-2050


# name: piTower
# type: sq_string
# elements: 1
# length: 13
SMLT, Ipswich


# name: piRingingname
# type: sq_string
# elements: 1
# length: 7
Touch 6


# name: piStdev
# type: scalar
73.168820277505034


# name: piStdevpercentStr
# type: sq_string
# elements: 1
# length: 4
35.8


# name: piStdevPct
# type: scalar
35.781009239330501


# name: piTouchlength
# type: scalar
18


# name: piPiecelength
# type: scalar
26


# name: piTouchDuration
# type: sq_string
# elements: 1
# length: 14
0 mins 46 secs


# name: piPieceDuration
# type: sq_string
# elements: 1
# length: 13
1 mins 7 secs


# name: piMethod
# type: sq_string
# elements: 1
# length: 20
Unrecognised Maximus


# name: piPealSpeed
# type: scalar struct
# ndims: 2
 1 1
# length: 2
# name: string
# type: sq_string
# elements: 1
# length: 13
3 hrs 34 mins


# name: numeric
# type: scalar
12823757.784674596




# name: piNBells
# type: scalar
12


# name: piRowsBadInPiece
# type: scalar
9


# name: piTouchFaults
# type: scalar struct
# ndims: 2
 1 1
# length: 2
# name: count
# type: scalar struct
# ndims: 2
 1 1
# length: 3
# name: hand
# type: scalar
37


# name: back
# type: scalar
47


# name: all
# type: scalar
84




# name: mean
# type: scalar struct
# ndims: 2
 1 1
# length: 3
# name: hand
# type: scalar
37.145834374857621


# name: back
# type: scalar
43.449248592003038


# name: all
# type: scalar
53.123186997800936






# name: piExpstring
# type: sq_string
# elements: 0




