# Created by Octave 4.4.1, Sun Jun 23 18:33:18 2024 GMT <unknown@LAPTOP-4UL5BSB8>
# name: TouchDetails
# type: scalar struct
# ndims: 2
 1 1
# length: 17
# name: piSourcefilename
# type: sq_string
# elements: 1
# length: 76
C:\Users\Hawkear\Ringing Files\Recordings\SMLT\SMLT.20240623-1832.s0t0.8.wav


# name: piRingingdatetime
# type: sq_string
# elements: 1
# length: 13
20240623-1832


# name: piTower
# type: sq_string
# elements: 1
# length: 13
SMLT, Ipswich


# name: piRingingname
# type: sq_string
# elements: 1
# length: 7
Touch 8


# name: piStdev
# type: scalar
42.981804471873474


# name: piStdevpercentStr
# type: sq_string
# elements: 1
# length: 4
16.4


# name: piStdevPct
# type: scalar
16.388768493017679


# name: piTouchlength
# type: scalar
112


# name: piPiecelength
# type: scalar
134


# name: piTouchDuration
# type: sq_string
# elements: 1
# length: 13
4 mins 9 secs


# name: piPieceDuration
# type: sq_string
# elements: 1
# length: 14
4 mins 57 secs


# name: piMethod
# type: sq_string
# elements: 1
# length: 17
Grandsire Triples


# name: piPealSpeed
# type: scalar struct
# ndims: 2
 1 1
# length: 2
# name: string
# type: sq_string
# elements: 1
# length: 12
3 hrs 7 mins


# name: numeric
# type: scalar
11217956.046295632




# name: piNBells
# type: scalar
8


# name: piRowsBadInPiece
# type: scalar
16


# name: piTouchFaults
# type: scalar struct
# ndims: 2
 1 1
# length: 2
# name: count
# type: scalar struct
# ndims: 2
 1 1
# length: 3
# name: hand
# type: scalar
58


# name: back
# type: scalar
57


# name: all
# type: scalar
115




# name: mean
# type: scalar struct
# ndims: 2
 1 1
# length: 3
# name: hand
# type: scalar
32.40327811248217


# name: back
# type: scalar
32.750389473786704


# name: all
# type: scalar
33.09350614567078






# name: piExpstring
# type: sq_string
# elements: 0




