# Created by Octave 4.4.1, Sun Jun 19 17:49:11 2022 GMT <unknown@LAPTOP-4UL5BSB8>
# name: TouchDetails
# type: scalar struct
# ndims: 2
 1 1
# length: 17
# name: piSourcefilename
# type: sq_string
# elements: 1
# length: 76
C:\Users\Hawkear\Ringing Files\Recordings\smlt\smlt.20220619-1748.s0t0.4.wav


# name: piRingingdatetime
# type: sq_string
# elements: 1
# length: 13
20220619-1748


# name: piTower
# type: sq_string
# elements: 1
# length: 13
SMLT, Ipswich


# name: piRingingname
# type: sq_string
# elements: 1
# length: 7
Touch 4


# name: piStdev
# type: scalar
33.294555583813221


# name: piStdevpercentStr
# type: sq_string
# elements: 1
# length: 4
16.4


# name: piStdevPct
# type: scalar
16.36056268758869


# name: piTouchlength
# type: scalar
252


# name: piPiecelength
# type: scalar
276


# name: piTouchDuration
# type: sq_string
# elements: 1
# length: 15
10 mins 44 secs


# name: piPieceDuration
# type: sq_string
# elements: 1
# length: 15
11 mins 46 secs


# name: piMethod
# type: sq_string
# elements: 1
# length: 15
Stedman Cinques


# name: piPealSpeed
# type: scalar struct
# ndims: 2
 1 1
# length: 2
# name: string
# type: sq_string
# elements: 1
# length: 13
3 hrs 35 mins


# name: numeric
# type: scalar
12873593.643128054




# name: piNBells
# type: scalar
12


# name: piRowsBadInPiece
# type: scalar
9


# name: piTouchFaults
# type: scalar struct
# ndims: 2
 1 1
# length: 2
# name: count
# type: scalar struct
# ndims: 2
 1 1
# length: 3
# name: hand
# type: scalar
198


# name: back
# type: scalar
159


# name: all
# type: scalar
357




# name: mean
# type: scalar struct
# ndims: 2
 1 1
# length: 3
# name: hand
# type: scalar
26.244784709348352


# name: back
# type: scalar
25.61738117202642


# name: all
# type: scalar
25.639201055982745






# name: piExpstring
# type: sq_string
# elements: 0




