# Created by Octave 4.4.1, Sun Jun 23 18:04:52 2024 GMT <unknown@LAPTOP-4UL5BSB8>
# name: TouchDetails
# type: scalar struct
# ndims: 2
 1 1
# length: 17
# name: piSourcefilename
# type: sq_string
# elements: 1
# length: 76
C:\Users\Hawkear\Ringing Files\Recordings\SMLT\SMLT.20240623-1802.s0t0.6.wav


# name: piRingingdatetime
# type: sq_string
# elements: 1
# length: 13
20240623-1802


# name: piTower
# type: sq_string
# elements: 1
# length: 13
SMLT, Ipswich


# name: piRingingname
# type: sq_string
# elements: 1
# length: 7
Touch 6


# name: piStdev
# type: scalar
39.467196204090776


# name: piStdevpercentStr
# type: sq_string
# elements: 1
# length: 4
15.6


# name: piStdevPct
# type: scalar
15.627221743647301


# name: piTouchlength
# type: scalar
350


# name: piPiecelength
# type: scalar
370


# name: piTouchDuration
# type: sq_string
# elements: 1
# length: 15
12 mins 30 secs


# name: piPieceDuration
# type: sq_string
# elements: 1
# length: 15
13 mins 12 secs


# name: piMethod
# type: sq_string
# elements: 1
# length: 17
Grandsire Triples


# name: piPealSpeed
# type: scalar struct
# ndims: 2
 1 1
# length: 2
# name: string
# type: sq_string
# elements: 1
# length: 13
2 hrs 60 mins


# name: numeric
# type: scalar
10795503.592766343




# name: piNBells
# type: scalar
8


# name: piRowsBadInPiece
# type: scalar
22


# name: piTouchFaults
# type: scalar struct
# ndims: 2
 1 1
# length: 2
# name: count
# type: scalar struct
# ndims: 2
 1 1
# length: 3
# name: hand
# type: scalar
136


# name: back
# type: scalar
119


# name: all
# type: scalar
255




# name: mean
# type: scalar struct
# ndims: 2
 1 1
# length: 3
# name: hand
# type: scalar
31.285159397245263


# name: back
# type: scalar
30.153443206788562


# name: all
# type: scalar
30.657496996432663






# name: piExpstring
# type: sq_string
# elements: 0




