# Created by Octave 4.4.1, Sun Jan 07 18:00:01 2024 GMT <unknown@LAPTOP-4UL5BSB8>
# name: TouchDetails
# type: scalar struct
# ndims: 2
 1 1
# length: 17
# name: piSourcefilename
# type: sq_string
# elements: 1
# length: 76
C:\Users\Hawkear\Ringing Files\Recordings\SMLT\SMLT.20240107-1731.s0t0.3.wav


# name: piRingingdatetime
# type: sq_string
# elements: 1
# length: 13
20240107-1731


# name: piTower
# type: sq_string
# elements: 1
# length: 13
SMLT, Ipswich


# name: piRingingname
# type: sq_string
# elements: 1
# length: 7
Touch 3


# name: piStdev
# type: scalar
37.631629716724653


# name: piStdevpercentStr
# type: sq_string
# elements: 1
# length: 4
19.0


# name: piStdevPct
# type: scalar
19.049368178385233


# name: piTouchlength
# type: scalar
56


# name: piPiecelength
# type: scalar
80


# name: piTouchDuration
# type: sq_string
# elements: 1
# length: 14
2 mins 19 secs


# name: piPieceDuration
# type: sq_string
# elements: 1
# length: 14
3 mins 20 secs


# name: piMethod
# type: sq_string
# elements: 1
# length: 26
Cambridge Surprise Maximus


# name: piPealSpeed
# type: scalar struct
# ndims: 2
 1 1
# length: 2
# name: string
# type: sq_string
# elements: 1
# length: 13
3 hrs 28 mins


# name: numeric
# type: scalar
12475318.21824296




# name: piNBells
# type: scalar
12


# name: piRowsBadInPiece
# type: scalar
2


# name: piTouchFaults
# type: scalar struct
# ndims: 2
 1 1
# length: 2
# name: count
# type: scalar struct
# ndims: 2
 1 1
# length: 3
# name: hand
# type: scalar
61


# name: back
# type: scalar
50


# name: all
# type: scalar
111




# name: mean
# type: scalar struct
# ndims: 2
 1 1
# length: 3
# name: hand
# type: scalar
32.386254921541429


# name: back
# type: scalar
26.183686341913607


# name: all
# type: scalar
29.367886961573461






# name: piExpstring
# type: sq_string
# elements: 0




