# Created by Octave 4.4.1, Sun May 29 18:07:03 2022 GMT <unknown@LAPTOP-4UL5BSB8>
# name: TouchDetails
# type: scalar struct
# ndims: 2
 1 1
# length: 17
# name: piSourcefilename
# type: sq_string
# elements: 1
# length: 76
C:\Users\Hawkear\Ringing Files\Recordings\smlt\smlt.20220529-1805.s0t0.5.wav


# name: piRingingdatetime
# type: sq_string
# elements: 1
# length: 13
20220529-1805


# name: piTower
# type: sq_string
# elements: 1
# length: 13
SMLT, Ipswich


# name: piRingingname
# type: sq_string
# elements: 1
# length: 7
Touch 5


# name: piStdev
# type: scalar
35.011488464465948


# name: piStdevpercentStr
# type: sq_string
# elements: 1
# length: 4
17.0


# name: piStdevPct
# type: scalar
17.017867407547165


# name: piTouchlength
# type: scalar
252


# name: piPiecelength
# type: scalar
272


# name: piTouchDuration
# type: sq_string
# elements: 1
# length: 15
10 mins 52 secs


# name: piPieceDuration
# type: sq_string
# elements: 1
# length: 15
11 mins 45 secs


# name: piMethod
# type: sq_string
# elements: 1
# length: 15
Stedman Cinques


# name: piPealSpeed
# type: scalar struct
# ndims: 2
 1 1
# length: 2
# name: string
# type: sq_string
# elements: 1
# length: 13
3 hrs 37 mins


# name: numeric
# type: scalar
13044236.462497789




# name: piNBells
# type: scalar
12


# name: piRowsBadInPiece
# type: scalar
6


# name: piTouchFaults
# type: scalar struct
# ndims: 2
 1 1
# length: 2
# name: count
# type: scalar struct
# ndims: 2
 1 1
# length: 3
# name: hand
# type: scalar
198


# name: back
# type: scalar
192


# name: all
# type: scalar
390




# name: mean
# type: scalar struct
# ndims: 2
 1 1
# length: 3
# name: hand
# type: scalar
27.073017933088636


# name: back
# type: scalar
27.314482858020547


# name: all
# type: scalar
27.19784138471864






# name: piExpstring
# type: sq_string
# elements: 0




