# Created by Octave 4.4.1, Mon Jan 15 22:58:50 2024 GMT <unknown@LAPTOP-4UL5BSB8>
# name: TouchDetails
# type: scalar struct
# ndims: 2
 1 1
# length: 17
# name: piSourcefilename
# type: sq_string
# elements: 1
# length: 76
C:\Users\Hawkear\Ringing Files\Recordings\SMLT\SMLT.20240115-2115.s0t0.8.wav


# name: piRingingdatetime
# type: sq_string
# elements: 1
# length: 13
20240115-2115


# name: piTower
# type: sq_string
# elements: 1
# length: 13
SMLT, Ipswich


# name: piRingingname
# type: sq_string
# elements: 1
# length: 7
Touch 8


# name: piStdev
# type: scalar
57.575092890209859


# name: piStdevpercentStr
# type: sq_string
# elements: 1
# length: 4
27.1


# name: piStdevPct
# type: scalar
27.066625041986406


# name: piTouchlength
# type: scalar
110


# name: piPiecelength
# type: scalar
132


# name: piTouchDuration
# type: sq_string
# elements: 1
# length: 14
4 mins 54 secs


# name: piPieceDuration
# type: sq_string
# elements: 1
# length: 14
5 mins 54 secs


# name: piMethod
# type: sq_string
# elements: 1
# length: 17
Grandsire Cinques


# name: piPealSpeed
# type: scalar struct
# ndims: 2
 1 1
# length: 2
# name: string
# type: sq_string
# elements: 1
# length: 13
3 hrs 45 mins


# name: numeric
# type: scalar
13491273.85925542




# name: piNBells
# type: scalar
12


# name: piRowsBadInPiece
# type: scalar
48


# name: piTouchFaults
# type: scalar struct
# ndims: 2
 1 1
# length: 2
# name: count
# type: scalar struct
# ndims: 2
 1 1
# length: 3
# name: hand
# type: scalar
221


# name: back
# type: scalar
203


# name: all
# type: scalar
424




# name: mean
# type: scalar struct
# ndims: 2
 1 1
# length: 3
# name: hand
# type: scalar
44.673743559345482


# name: back
# type: scalar
44.697993289594628


# name: all
# type: scalar
44.868245709364608






# name: piExpstring
# type: sq_string
# elements: 0




