# Created by Octave 4.4.1, Sun Jun 12 17:09:00 2022 GMT <unknown@LAPTOP-4UL5BSB8>
# name: TouchDetails
# type: scalar struct
# ndims: 2
 1 1
# length: 17
# name: piSourcefilename
# type: sq_string
# elements: 1
# length: 76
C:\Users\Hawkear\Ringing Files\Recordings\smlt\smlt.20220612-1706.s0t0.2.wav


# name: piRingingdatetime
# type: sq_string
# elements: 1
# length: 13
20220612-1706


# name: piTower
# type: sq_string
# elements: 1
# length: 13
SMLT, Ipswich


# name: piRingingname
# type: sq_string
# elements: 1
# length: 7
Touch 2


# name: piStdev
# type: scalar
33.358494467651255


# name: piStdevpercentStr
# type: sq_string
# elements: 1
# length: 4
16.4


# name: piStdevPct
# type: scalar
16.446329455690282


# name: piTouchlength
# type: scalar
252


# name: piPiecelength
# type: scalar
276


# name: piTouchDuration
# type: sq_string
# elements: 1
# length: 15
10 mins 40 secs


# name: piPieceDuration
# type: sq_string
# elements: 1
# length: 15
11 mins 42 secs


# name: piMethod
# type: sq_string
# elements: 1
# length: 15
Stedman Cinques


# name: piPealSpeed
# type: scalar struct
# ndims: 2
 1 1
# length: 2
# name: string
# type: sq_string
# elements: 1
# length: 13
3 hrs 33 mins


# name: numeric
# type: scalar
12808714.269240031




# name: piNBells
# type: scalar
12


# name: piRowsBadInPiece
# type: scalar
7


# name: piTouchFaults
# type: scalar struct
# ndims: 2
 1 1
# length: 2
# name: count
# type: scalar struct
# ndims: 2
 1 1
# length: 3
# name: hand
# type: scalar
193


# name: back
# type: scalar
163


# name: all
# type: scalar
356




# name: mean
# type: scalar struct
# ndims: 2
 1 1
# length: 3
# name: hand
# type: scalar
26.513686092443304


# name: back
# type: scalar
25.259756007193243


# name: all
# type: scalar
25.80609021741374






# name: piExpstring
# type: sq_string
# elements: 0




