# Created by Octave 4.4.1, Mon Jan 15 22:53:09 2024 GMT <unknown@LAPTOP-4UL5BSB8>
# name: TouchDetails
# type: scalar struct
# ndims: 2
 1 1
# length: 17
# name: piSourcefilename
# type: sq_string
# elements: 1
# length: 76
C:\Users\Hawkear\Ringing Files\Recordings\SMLT\SMLT.20240115-2017.s0t0.2.wav


# name: piRingingdatetime
# type: sq_string
# elements: 1
# length: 13
20240115-2017


# name: piTower
# type: sq_string
# elements: 1
# length: 13
SMLT, Ipswich


# name: piRingingname
# type: sq_string
# elements: 1
# length: 7
Touch 2


# name: piStdev
# type: scalar
50.945395214424686


# name: piStdevpercentStr
# type: sq_string
# elements: 1
# length: 4
24.2


# name: piStdevPct
# type: scalar
24.219166052002034


# name: piTouchlength
# type: scalar
264


# name: piPiecelength
# type: scalar
288


# name: piTouchDuration
# type: sq_string
# elements: 1
# length: 15
11 mins 37 secs


# name: piPieceDuration
# type: sq_string
# elements: 1
# length: 15
12 mins 41 secs


# name: piMethod
# type: sq_string
# elements: 1
# length: 17
Grandsire Cinques


# name: piPealSpeed
# type: scalar struct
# ndims: 2
 1 1
# length: 2
# name: string
# type: sq_string
# elements: 1
# length: 13
3 hrs 42 mins


# name: numeric
# type: scalar
13303991.461552639




# name: piNBells
# type: scalar
12


# name: piRowsBadInPiece
# type: scalar
57


# name: piTouchFaults
# type: scalar struct
# ndims: 2
 1 1
# length: 2
# name: count
# type: scalar struct
# ndims: 2
 1 1
# length: 3
# name: hand
# type: scalar
400


# name: back
# type: scalar
386


# name: all
# type: scalar
786




# name: mean
# type: scalar struct
# ndims: 2
 1 1
# length: 3
# name: hand
# type: scalar
39.18239247124793


# name: back
# type: scalar
37.94447073529922


# name: all
# type: scalar
38.519290983689075






# name: piExpstring
# type: sq_string
# elements: 0




