# Created by Octave 4.4.1, Sun Jun 19 18:04:20 2022 GMT <unknown@LAPTOP-4UL5BSB8>
# name: TouchDetails
# type: scalar struct
# ndims: 2
 1 1
# length: 17
# name: piSourcefilename
# type: sq_string
# elements: 1
# length: 76
C:\Users\Hawkear\Ringing Files\Recordings\smlt\smlt.20220619-1803.s0t0.5.wav


# name: piRingingdatetime
# type: sq_string
# elements: 1
# length: 13
20220619-1803


# name: piTower
# type: sq_string
# elements: 1
# length: 13
SMLT, Ipswich


# name: piRingingname
# type: sq_string
# elements: 1
# length: 7
Touch 5


# name: piStdev
# type: scalar
31.720434161080806


# name: piStdevpercentStr
# type: sq_string
# elements: 1
# length: 4
15.5


# name: piStdevPct
# type: scalar
15.541888444497511


# name: piTouchlength
# type: scalar
252


# name: piPiecelength
# type: scalar
274


# name: piTouchDuration
# type: sq_string
# elements: 1
# length: 15
10 mins 44 secs


# name: piPieceDuration
# type: sq_string
# elements: 1
# length: 15
11 mins 42 secs


# name: piMethod
# type: sq_string
# elements: 1
# length: 15
Stedman Cinques


# name: piPealSpeed
# type: scalar struct
# ndims: 2
 1 1
# length: 2
# name: string
# type: sq_string
# elements: 1
# length: 13
3 hrs 35 mins


# name: numeric
# type: scalar
12887156.380900651




# name: piNBells
# type: scalar
12


# name: piRowsBadInPiece
# type: scalar
2


# name: piTouchFaults
# type: scalar struct
# ndims: 2
 1 1
# length: 2
# name: count
# type: scalar struct
# ndims: 2
 1 1
# length: 3
# name: hand
# type: scalar
180


# name: back
# type: scalar
139


# name: all
# type: scalar
319




# name: mean
# type: scalar struct
# ndims: 2
 1 1
# length: 3
# name: hand
# type: scalar
26.046871636284656


# name: back
# type: scalar
24.475713900395114


# name: all
# type: scalar
25.11681776353052






# name: piExpstring
# type: sq_string
# elements: 0




