# Created by Octave 4.4.1, Mon Jan 15 22:58:02 2024 GMT <unknown@LAPTOP-4UL5BSB8>
# name: TouchDetails
# type: scalar struct
# ndims: 2
 1 1
# length: 17
# name: piSourcefilename
# type: sq_string
# elements: 1
# length: 76
C:\Users\Hawkear\Ringing Files\Recordings\SMLT\SMLT.20240115-2056.s0t0.7.wav


# name: piRingingdatetime
# type: sq_string
# elements: 1
# length: 13
20240115-2056


# name: piTower
# type: sq_string
# elements: 1
# length: 13
SMLT, Ipswich


# name: piRingingname
# type: sq_string
# elements: 1
# length: 7
Touch 7


# name: piStdev
# type: scalar
58.596455524605339


# name: piStdevpercentStr
# type: sq_string
# elements: 1
# length: 4
28.4


# name: piStdevPct
# type: scalar
28.420305686781855


# name: piTouchlength
# type: scalar
112


# name: piPiecelength
# type: scalar
122


# name: piTouchDuration
# type: sq_string
# elements: 1
# length: 14
4 mins 49 secs


# name: piPieceDuration
# type: sq_string
# elements: 1
# length: 14
5 mins 15 secs


# name: piMethod
# type: sq_string
# elements: 1
# length: 26
Yorkshire Surprise Maximus


# name: piPealSpeed
# type: scalar struct
# ndims: 2
 1 1
# length: 2
# name: string
# type: sq_string
# elements: 1
# length: 13
3 hrs 36 mins


# name: numeric
# type: scalar
12983316.91348446




# name: piNBells
# type: scalar
12


# name: piRowsBadInPiece
# type: scalar
38


# name: piTouchFaults
# type: scalar struct
# ndims: 2
 1 1
# length: 2
# name: count
# type: scalar struct
# ndims: 2
 1 1
# length: 3
# name: hand
# type: scalar
221


# name: back
# type: scalar
208


# name: all
# type: scalar
429




# name: mean
# type: scalar struct
# ndims: 2
 1 1
# length: 3
# name: hand
# type: scalar
43.114717265641076


# name: back
# type: scalar
44.263218475515323


# name: all
# type: scalar
43.821716324770918






# name: piExpstring
# type: sq_string
# elements: 0




