# Created by Octave 4.4.1, Sun Jun 23 19:22:22 2024 GMT <unknown@LAPTOP-4UL5BSB8>
# name: TouchDetails
# type: scalar struct
# ndims: 2
 1 1
# length: 17
# name: piSourcefilename
# type: sq_string
# elements: 1
# length: 77
C:\Users\Hawkear\Ringing Files\Recordings\SMLT\SMLT.20240623-1921.s0t0.12.wav


# name: piRingingdatetime
# type: sq_string
# elements: 1
# length: 13
20240623-1921


# name: piTower
# type: sq_string
# elements: 1
# length: 13
SMLT, Ipswich


# name: piRingingname
# type: sq_string
# elements: 1
# length: 8
Touch 12


# name: piStdev
# type: scalar
41.191832919802728


# name: piStdevpercentStr
# type: sq_string
# elements: 1
# length: 4
15.8


# name: piStdevPct
# type: scalar
15.772626735744483


# name: piTouchlength
# type: scalar
252


# name: piPiecelength
# type: scalar
272


# name: piTouchDuration
# type: sq_string
# elements: 1
# length: 14
9 mins 17 secs


# name: piPieceDuration
# type: sq_string
# elements: 1
# length: 14
10 mins 0 secs


# name: piMethod
# type: sq_string
# elements: 1
# length: 17
Grandsire Triples


# name: piPealSpeed
# type: scalar struct
# ndims: 2
 1 1
# length: 2
# name: string
# type: sq_string
# elements: 1
# length: 12
3 hrs 6 mins


# name: numeric
# type: scalar
11142121.488703869




# name: piNBells
# type: scalar
8


# name: piRowsBadInPiece
# type: scalar
27


# name: piTouchFaults
# type: scalar struct
# ndims: 2
 1 1
# length: 2
# name: count
# type: scalar struct
# ndims: 2
 1 1
# length: 3
# name: hand
# type: scalar
103


# name: back
# type: scalar
107


# name: all
# type: scalar
210




# name: mean
# type: scalar struct
# ndims: 2
 1 1
# length: 3
# name: hand
# type: scalar
31.95180933809587


# name: back
# type: scalar
31.374425857184807


# name: all
# type: scalar
31.312675196405635






# name: piExpstring
# type: sq_string
# elements: 0




