# Created by Octave 4.4.1, Sun Jun 19 17:06:39 2022 GMT <unknown@LAPTOP-4UL5BSB8>
# name: TouchDetails
# type: scalar struct
# ndims: 2
 1 1
# length: 17
# name: piSourcefilename
# type: sq_string
# elements: 1
# length: 76
C:\Users\Hawkear\Ringing Files\Recordings\smlt\smlt.20220619-1704.s0t0.2.wav


# name: piRingingdatetime
# type: sq_string
# elements: 1
# length: 13
20220619-1704


# name: piTower
# type: sq_string
# elements: 1
# length: 13
SMLT, Ipswich


# name: piRingingname
# type: sq_string
# elements: 1
# length: 7
Touch 2


# name: piStdev
# type: scalar
33.550496747637794


# name: piStdevpercentStr
# type: sq_string
# elements: 1
# length: 4
16.3


# name: piStdevPct
# type: scalar
16.319758508707135


# name: piTouchlength
# type: scalar
252


# name: piPiecelength
# type: scalar
276


# name: piTouchDuration
# type: sq_string
# elements: 1
# length: 15
10 mins 50 secs


# name: piPieceDuration
# type: sq_string
# elements: 1
# length: 15
11 mins 53 secs


# name: piMethod
# type: sq_string
# elements: 1
# length: 15
Stedman Cinques


# name: piPealSpeed
# type: scalar struct
# ndims: 2
 1 1
# length: 2
# name: string
# type: sq_string
# elements: 1
# length: 13
3 hrs 37 mins


# name: numeric
# type: scalar
13009179.689269908




# name: piNBells
# type: scalar
12


# name: piRowsBadInPiece
# type: scalar
2


# name: piTouchFaults
# type: scalar struct
# ndims: 2
 1 1
# length: 2
# name: count
# type: scalar struct
# ndims: 2
 1 1
# length: 3
# name: hand
# type: scalar
187


# name: back
# type: scalar
178


# name: all
# type: scalar
365




# name: mean
# type: scalar struct
# ndims: 2
 1 1
# length: 3
# name: hand
# type: scalar
26.435410863531807


# name: back
# type: scalar
26.409625346222992


# name: all
# type: scalar
26.378555267007204






# name: piExpstring
# type: sq_string
# elements: 0




