# Created by Octave 4.4.1, Sun Jun 12 17:50:07 2022 GMT <unknown@LAPTOP-4UL5BSB8>
# name: TouchDetails
# type: scalar struct
# ndims: 2
 1 1
# length: 17
# name: piSourcefilename
# type: sq_string
# elements: 1
# length: 76
C:\Users\Hawkear\Ringing Files\Recordings\smlt\smlt.20220612-1749.s0t0.4.wav


# name: piRingingdatetime
# type: sq_string
# elements: 1
# length: 13
20220612-1749


# name: piTower
# type: sq_string
# elements: 1
# length: 13
SMLT, Ipswich


# name: piRingingname
# type: sq_string
# elements: 1
# length: 7
Touch 4


# name: piStdev
# type: scalar
36.014230250141075


# name: piStdevpercentStr
# type: sq_string
# elements: 1
# length: 4
17.8


# name: piStdevPct
# type: scalar
17.805258381018117


# name: piTouchlength
# type: scalar
252


# name: piPiecelength
# type: scalar
276


# name: piTouchDuration
# type: sq_string
# elements: 1
# length: 15
10 mins 39 secs


# name: piPieceDuration
# type: sq_string
# elements: 1
# length: 15
11 mins 41 secs


# name: piMethod
# type: sq_string
# elements: 1
# length: 15
Stedman Cinques


# name: piPealSpeed
# type: scalar struct
# ndims: 2
 1 1
# length: 2
# name: string
# type: sq_string
# elements: 1
# length: 13
3 hrs 33 mins


# name: numeric
# type: scalar
12777888.295360206




# name: piNBells
# type: scalar
12


# name: piRowsBadInPiece
# type: scalar
15


# name: piTouchFaults
# type: scalar struct
# ndims: 2
 1 1
# length: 2
# name: count
# type: scalar struct
# ndims: 2
 1 1
# length: 3
# name: hand
# type: scalar
229


# name: back
# type: scalar
188


# name: all
# type: scalar
417




# name: mean
# type: scalar struct
# ndims: 2
 1 1
# length: 3
# name: hand
# type: scalar
28.791080461837382


# name: back
# type: scalar
26.683699396631635


# name: all
# type: scalar
27.547770739870753






# name: piExpstring
# type: sq_string
# elements: 0




