# Created by Octave 4.4.1, Sun Jan 07 17:54:21 2024 GMT <unknown@LAPTOP-4UL5BSB8>
# name: TouchDetails
# type: scalar struct
# ndims: 2
 1 1
# length: 17
# name: piSourcefilename
# type: sq_string
# elements: 1
# length: 76
C:\Users\Hawkear\Ringing Files\Recordings\SMLT\SMLT.20240107-1753.s0t0.5.wav


# name: piRingingdatetime
# type: sq_string
# elements: 1
# length: 13
20240107-1753


# name: piTower
# type: sq_string
# elements: 1
# length: 13
SMLT, Ipswich


# name: piRingingname
# type: sq_string
# elements: 1
# length: 7
Touch 5


# name: piStdev
# type: scalar
38.833818503928711


# name: piStdevpercentStr
# type: sq_string
# elements: 1
# length: 4
19.8


# name: piStdevPct
# type: scalar
19.801295624115991


# name: piTouchlength
# type: scalar
288


# name: piPiecelength
# type: scalar
314


# name: piTouchDuration
# type: sq_string
# elements: 1
# length: 15
11 mins 48 secs


# name: piPieceDuration
# type: sq_string
# elements: 1
# length: 15
12 mins 54 secs


# name: piMethod
# type: sq_string
# elements: 1
# length: 26
Cambridge Surprise Maximus


# name: piPealSpeed
# type: scalar struct
# ndims: 2
 1 1
# length: 2
# name: string
# type: sq_string
# elements: 1
# length: 13
3 hrs 26 mins


# name: numeric
# type: scalar
12385693.765593721




# name: piNBells
# type: scalar
12


# name: piRowsBadInPiece
# type: scalar
18


# name: piTouchFaults
# type: scalar struct
# ndims: 2
 1 1
# length: 2
# name: count
# type: scalar struct
# ndims: 2
 1 1
# length: 3
# name: hand
# type: scalar
337


# name: back
# type: scalar
316


# name: all
# type: scalar
653




# name: mean
# type: scalar struct
# ndims: 2
 1 1
# length: 3
# name: hand
# type: scalar
30.073646973222381


# name: back
# type: scalar
30.281617529998787


# name: all
# type: scalar
30.160706400453019






# name: piExpstring
# type: sq_string
# elements: 0




