# Created by Octave 4.4.1, Sun Nov 05 17:59:02 2023 GMT <unknown@LAPTOP-4UL5BSB8>
# name: TouchDetails
# type: scalar struct
# ndims: 2
 1 1
# length: 17
# name: piSourcefilename
# type: sq_string
# elements: 1
# length: 76
C:\Users\Hawkear\Ringing Files\Recordings\SMLT\SMLT.20231105-1758.s0t0.4.wav


# name: piRingingdatetime
# type: sq_string
# elements: 1
# length: 13
20231105-1758


# name: piTower
# type: sq_string
# elements: 1
# length: 13
SMLT, Ipswich


# name: piRingingname
# type: sq_string
# elements: 1
# length: 7
Touch 4


# name: piStdev
# type: scalar
34.544709295328801


# name: piStdevpercentStr
# type: sq_string
# elements: 1
# length: 4
17.5


# name: piStdevPct
# type: scalar
17.513766333730761


# name: piTouchlength
# type: scalar
288


# name: piPiecelength
# type: scalar
304


# name: piTouchDuration
# type: sq_string
# elements: 1
# length: 15
11 mins 52 secs


# name: piPieceDuration
# type: sq_string
# elements: 1
# length: 15
12 mins 33 secs


# name: piMethod
# type: sq_string
# elements: 1
# length: 26
Cambridge Surprise Maximus


# name: piPealSpeed
# type: scalar struct
# ndims: 2
 1 1
# length: 2
# name: string
# type: sq_string
# elements: 1
# length: 13
3 hrs 28 mins


# name: numeric
# type: scalar
12458456.720496405




# name: piNBells
# type: scalar
12


# name: piRowsBadInPiece
# type: scalar
1


# name: piTouchFaults
# type: scalar struct
# ndims: 2
 1 1
# length: 2
# name: count
# type: scalar struct
# ndims: 2
 1 1
# length: 3
# name: hand
# type: scalar
273


# name: back
# type: scalar
243


# name: all
# type: scalar
516




# name: mean
# type: scalar struct
# ndims: 2
 1 1
# length: 3
# name: hand
# type: scalar
28.518563639194461


# name: back
# type: scalar
25.970862457740964


# name: all
# type: scalar
27.322040936369731






# name: piExpstring
# type: sq_string
# elements: 0




