# Created by Octave 4.4.1, Mon Jul 03 21:34:24 2023 GMT <unknown@LAPTOP-4UL5BSB8>
# name: TouchDetails
# type: scalar struct
# ndims: 2
 1 1
# length: 17
# name: piSourcefilename
# type: sq_string
# elements: 1
# length: 76
C:\Users\Hawkear\Ringing Files\Recordings\SMLT\SMLT.20230703-2012.s0t0.6.wav


# name: piRingingdatetime
# type: sq_string
# elements: 1
# length: 13
20230703-2012


# name: piTower
# type: sq_string
# elements: 1
# length: 13
SMLT, Ipswich


# name: piRingingname
# type: sq_string
# elements: 1
# length: 7
Touch 6


# name: piStdev
# type: scalar
35.709889294137824


# name: piStdevpercentStr
# type: sq_string
# elements: 1
# length: 4
14.1


# name: piStdevPct
# type: scalar
14.065220327839313


# name: piTouchlength
# type: scalar
168


# name: piPiecelength
# type: scalar
188


# name: piTouchDuration
# type: sq_string
# elements: 1
# length: 14
7 mins 28 secs


# name: piPieceDuration
# type: sq_string
# elements: 1
# length: 14
8 mins 22 secs


# name: piMethod
# type: sq_string
# elements: 1
# length: 11
Erin Caters


# name: piPealSpeed
# type: scalar struct
# ndims: 2
 1 1
# length: 2
# name: string
# type: sq_string
# elements: 1
# length: 13
3 hrs 44 mins


# name: numeric
# type: scalar
13432192.845419787




# name: piNBells
# type: scalar
10


# name: piRowsBadInPiece
# type: scalar
4


# name: piTouchFaults
# type: scalar struct
# ndims: 2
 1 1
# length: 2
# name: count
# type: scalar struct
# ndims: 2
 1 1
# length: 3
# name: hand
# type: scalar
75


# name: back
# type: scalar
54


# name: all
# type: scalar
129




# name: mean
# type: scalar struct
# ndims: 2
 1 1
# length: 3
# name: hand
# type: scalar
28.463810184182119


# name: back
# type: scalar
26.964569975688843


# name: all
# type: scalar
27.907767269677326






# name: piExpstring
# type: sq_string
# elements: 0




