# Created by Octave 4.4.1, Mon Jan 15 22:55:06 2024 GMT <unknown@LAPTOP-4UL5BSB8>
# name: TouchDetails
# type: scalar struct
# ndims: 2
 1 1
# length: 17
# name: piSourcefilename
# type: sq_string
# elements: 1
# length: 76
C:\Users\Hawkear\Ringing Files\Recordings\SMLT\SMLT.20240115-2043.s0t0.4.wav


# name: piRingingdatetime
# type: sq_string
# elements: 1
# length: 13
20240115-2043


# name: piTower
# type: sq_string
# elements: 1
# length: 13
SMLT, Ipswich


# name: piRingingname
# type: sq_string
# elements: 1
# length: 7
Touch 4


# name: piStdev
# type: scalar
64.424665357624576


# name: piStdevpercentStr
# type: sq_string
# elements: 1
# length: 4
30.7


# name: piStdevPct
# type: scalar
30.653065640938099


# name: piTouchlength
# type: scalar
88


# name: piPiecelength
# type: scalar
110


# name: piTouchDuration
# type: sq_string
# elements: 1
# length: 14
3 mins 51 secs


# name: piPieceDuration
# type: sq_string
# elements: 1
# length: 14
4 mins 51 secs


# name: piMethod
# type: sq_string
# elements: 1
# length: 18
Little Bob Maximus


# name: piPealSpeed
# type: scalar struct
# ndims: 2
 1 1
# length: 2
# name: string
# type: sq_string
# elements: 1
# length: 13
3 hrs 40 mins


# name: numeric
# type: scalar
13227048.327019511




# name: piNBells
# type: scalar
12


# name: piRowsBadInPiece
# type: scalar
56


# name: piTouchFaults
# type: scalar struct
# ndims: 2
 1 1
# length: 2
# name: count
# type: scalar struct
# ndims: 2
 1 1
# length: 3
# name: hand
# type: scalar
189


# name: back
# type: scalar
181


# name: all
# type: scalar
370




# name: mean
# type: scalar struct
# ndims: 2
 1 1
# length: 3
# name: hand
# type: scalar
51.053389647346634


# name: back
# type: scalar
45.90254740613333


# name: all
# type: scalar
48.035764509270614






# name: piExpstring
# type: sq_string
# elements: 0




