# Created by Octave 4.4.1, Sun May 29 17:11:18 2022 GMT <unknown@LAPTOP-4UL5BSB8>
# name: TouchDetails
# type: scalar struct
# ndims: 2
 1 1
# length: 17
# name: piSourcefilename
# type: sq_string
# elements: 1
# length: 76
C:\Users\Hawkear\Ringing Files\Recordings\smlt\smlt.20220529-1652.s0t0.1.wav


# name: piRingingdatetime
# type: sq_string
# elements: 1
# length: 13
20220529-1652


# name: piTower
# type: sq_string
# elements: 1
# length: 13
SMLT, Ipswich


# name: piRingingname
# type: sq_string
# elements: 1
# length: 7
Touch 1


# name: piStdev
# type: scalar
41.18537442973706


# name: piStdevpercentStr
# type: sq_string
# elements: 1
# length: 4
20.0


# name: piStdevPct
# type: scalar
19.97446876030536


# name: piTouchlength
# type: scalar
252


# name: piPiecelength
# type: scalar
268


# name: piTouchDuration
# type: sq_string
# elements: 1
# length: 15
10 mins 52 secs


# name: piPieceDuration
# type: sq_string
# elements: 1
# length: 15
11 mins 35 secs


# name: piMethod
# type: sq_string
# elements: 1
# length: 15
Stedman Cinques


# name: piPealSpeed
# type: scalar struct
# ndims: 2
 1 1
# length: 2
# name: string
# type: sq_string
# elements: 1
# length: 13
3 hrs 37 mins


# name: numeric
# type: scalar
13047698.359374272




# name: piNBells
# type: scalar
12


# name: piRowsBadInPiece
# type: scalar
24


# name: piTouchFaults
# type: scalar struct
# ndims: 2
 1 1
# length: 2
# name: count
# type: scalar struct
# ndims: 2
 1 1
# length: 3
# name: hand
# type: scalar
270


# name: back
# type: scalar
285


# name: all
# type: scalar
555




# name: mean
# type: scalar struct
# ndims: 2
 1 1
# length: 3
# name: hand
# type: scalar
30.77881219989715


# name: back
# type: scalar
31.421920270188824


# name: all
# type: scalar
31.230813539214907






# name: piExpstring
# type: sq_string
# elements: 0




