# Created by Octave 4.4.1, Mon Oct 30 20:49:21 2023 GMT <unknown@LAPTOP-4UL5BSB8>
# name: TouchDetails
# type: scalar struct
# ndims: 2
 1 1
# length: 17
# name: piSourcefilename
# type: sq_string
# elements: 1
# length: 76
C:\Users\Hawkear\Ringing Files\Recordings\SMLT\SMLT.20231030-2037.s0t0.1.wav


# name: piRingingdatetime
# type: sq_string
# elements: 1
# length: 13
20231030-2037


# name: piTower
# type: sq_string
# elements: 1
# length: 13
SMLT, Ipswich


# name: piRingingname
# type: sq_string
# elements: 1
# length: 7
Touch 1


# name: piStdev
# type: scalar
49.644587381864156


# name: piStdevpercentStr
# type: sq_string
# elements: 1
# length: 4
23.7


# name: piStdevPct
# type: scalar
23.720519482274543


# name: piTouchlength
# type: scalar
256


# name: piPiecelength
# type: scalar
272


# name: piTouchDuration
# type: sq_string
# elements: 1
# length: 15
11 mins 12 secs


# name: piPieceDuration
# type: sq_string
# elements: 1
# length: 15
11 mins 56 secs


# name: piMethod
# type: sq_string
# elements: 1
# length: 26
Cambridge Surprise Maximus


# name: piPealSpeed
# type: scalar struct
# ndims: 2
 1 1
# length: 2
# name: string
# type: sq_string
# elements: 1
# length: 13
3 hrs 41 mins


# name: numeric
# type: scalar
13234990.53651035




# name: piNBells
# type: scalar
12


# name: piRowsBadInPiece
# type: scalar
55


# name: piTouchFaults
# type: scalar struct
# ndims: 2
 1 1
# length: 2
# name: count
# type: scalar struct
# ndims: 2
 1 1
# length: 3
# name: hand
# type: scalar
347


# name: back
# type: scalar
389


# name: all
# type: scalar
736




# name: mean
# type: scalar struct
# ndims: 2
 1 1
# length: 3
# name: hand
# type: scalar
34.24058453538175


# name: back
# type: scalar
36.805661292069189


# name: all
# type: scalar
36.954705528856429






# name: piExpstring
# type: sq_string
# elements: 0




