# Created by Octave 4.4.1, Sun May 29 17:12:02 2022 GMT <unknown@LAPTOP-4UL5BSB8>
# name: TouchDetails
# type: scalar struct
# ndims: 2
 1 1
# length: 17
# name: piSourcefilename
# type: sq_string
# elements: 1
# length: 76
C:\Users\Hawkear\Ringing Files\Recordings\smlt\smlt.20220529-1710.s0t0.2.wav


# name: piRingingdatetime
# type: sq_string
# elements: 1
# length: 13
20220529-1710


# name: piTower
# type: sq_string
# elements: 1
# length: 13
SMLT, Ipswich


# name: piRingingname
# type: sq_string
# elements: 1
# length: 7
Touch 2


# name: piStdev
# type: scalar
37.883376310131894


# name: piStdevpercentStr
# type: sq_string
# elements: 1
# length: 4
18.5


# name: piStdevPct
# type: scalar
18.549558158386063


# name: piTouchlength
# type: scalar
252


# name: piPiecelength
# type: scalar
276


# name: piTouchDuration
# type: sq_string
# elements: 1
# length: 15
10 mins 46 secs


# name: piPieceDuration
# type: sq_string
# elements: 1
# length: 15
11 mins 49 secs


# name: piMethod
# type: sq_string
# elements: 1
# length: 15
Stedman Cinques


# name: piPealSpeed
# type: scalar struct
# ndims: 2
 1 1
# length: 2
# name: string
# type: sq_string
# elements: 1
# length: 13
3 hrs 35 mins


# name: numeric
# type: scalar
12919047.555668034




# name: piNBells
# type: scalar
12


# name: piRowsBadInPiece
# type: scalar
19


# name: piTouchFaults
# type: scalar struct
# ndims: 2
 1 1
# length: 2
# name: count
# type: scalar struct
# ndims: 2
 1 1
# length: 3
# name: hand
# type: scalar
238


# name: back
# type: scalar
258


# name: all
# type: scalar
496




# name: mean
# type: scalar struct
# ndims: 2
 1 1
# length: 3
# name: hand
# type: scalar
29.001813812118662


# name: back
# type: scalar
29.595365292379306


# name: all
# type: scalar
28.978415346143962






# name: piExpstring
# type: sq_string
# elements: 0




