# Created by Octave 4.4.1, Sun Jun 19 17:05:20 2022 GMT <unknown@LAPTOP-4UL5BSB8>
# name: TouchDetails
# type: scalar struct
# ndims: 2
 1 1
# length: 17
# name: piSourcefilename
# type: sq_string
# elements: 1
# length: 76
C:\Users\Hawkear\Ringing Files\Recordings\smlt\smlt.20220619-1648.s0t0.1.wav


# name: piRingingdatetime
# type: sq_string
# elements: 1
# length: 13
20220619-1648


# name: piTower
# type: sq_string
# elements: 1
# length: 13
SMLT, Ipswich


# name: piRingingname
# type: sq_string
# elements: 1
# length: 7
Touch 1


# name: piStdev
# type: scalar
36.250161155256002


# name: piStdevpercentStr
# type: sq_string
# elements: 1
# length: 4
17.5


# name: piStdevPct
# type: scalar
17.537450982478404


# name: piTouchlength
# type: scalar
252


# name: piPiecelength
# type: scalar
282


# name: piTouchDuration
# type: sq_string
# elements: 1
# length: 15
10 mins 53 secs


# name: piPieceDuration
# type: sq_string
# elements: 1
# length: 15
12 mins 13 secs


# name: piMethod
# type: sq_string
# elements: 1
# length: 15
Stedman Cinques


# name: piPealSpeed
# type: scalar struct
# ndims: 2
 1 1
# length: 2
# name: string
# type: sq_string
# elements: 1
# length: 13
3 hrs 38 mins


# name: numeric
# type: scalar
13059918.904234657




# name: piNBells
# type: scalar
12


# name: piRowsBadInPiece
# type: scalar
7


# name: piTouchFaults
# type: scalar struct
# ndims: 2
 1 1
# length: 2
# name: count
# type: scalar struct
# ndims: 2
 1 1
# length: 3
# name: hand
# type: scalar
239


# name: back
# type: scalar
203


# name: all
# type: scalar
442




# name: mean
# type: scalar struct
# ndims: 2
 1 1
# length: 3
# name: hand
# type: scalar
29.741050172412866


# name: back
# type: scalar
26.903061177912509


# name: all
# type: scalar
28.129517454604056






# name: piExpstring
# type: sq_string
# elements: 0




