# Created by Octave 4.4.1, Mon Jan 15 22:55:52 2024 GMT <unknown@LAPTOP-4UL5BSB8>
# name: TouchDetails
# type: scalar struct
# ndims: 2
 1 1
# length: 17
# name: piSourcefilename
# type: sq_string
# elements: 1
# length: 76
C:\Users\Hawkear\Ringing Files\Recordings\SMLT\SMLT.20240115-2048.s0t0.5.wav


# name: piRingingdatetime
# type: sq_string
# elements: 1
# length: 13
20240115-2048


# name: piTower
# type: sq_string
# elements: 1
# length: 13
SMLT, Ipswich


# name: piRingingname
# type: sq_string
# elements: 1
# length: 7
Touch 5


# name: piStdev
# type: scalar
33.214930333013363


# name: piStdevpercentStr
# type: sq_string
# elements: 1
# length: 4
15.9


# name: piStdevPct
# type: scalar
15.877519618355162


# name: piTouchlength
# type: scalar
14


# name: piPiecelength
# type: scalar
18


# name: piTouchDuration
# type: sq_string
# elements: 1
# length: 14
0 mins 36 secs


# name: piPieceDuration
# type: sq_string
# elements: 1
# length: 14
0 mins 48 secs


# name: piMethod
# type: sq_string
# elements: 1
# length: 20
Call Changes Cinques


# name: piPealSpeed
# type: scalar struct
# ndims: 2
 1 1
# length: 2
# name: string
# type: sq_string
# elements: 1
# length: 13
3 hrs 38 mins


# name: numeric
# type: scalar
13101595.061732331




# name: piNBells
# type: scalar
12


# name: piRowsBadInPiece
# type: scalar
2


# name: piTouchFaults
# type: scalar struct
# ndims: 2
 1 1
# length: 2
# name: count
# type: scalar struct
# ndims: 2
 1 1
# length: 3
# name: hand
# type: scalar
10


# name: back
# type: scalar
8


# name: all
# type: scalar
18




# name: mean
# type: scalar struct
# ndims: 2
 1 1
# length: 3
# name: hand
# type: scalar
27.970173244729153


# name: back
# type: scalar
24.260473830826996


# name: all
# type: scalar
25.567089263348024






# name: piExpstring
# type: sq_string
# elements: 0




