# Created by Octave 4.4.1, Sun Nov 05 17:23:19 2023 GMT <unknown@LAPTOP-4UL5BSB8>
# name: TouchDetails
# type: scalar struct
# ndims: 2
 1 1
# length: 17
# name: piSourcefilename
# type: sq_string
# elements: 1
# length: 76
C:\Users\Hawkear\Ringing Files\Recordings\SMLT\SMLT.20231105-1722.s0t0.2.wav


# name: piRingingdatetime
# type: sq_string
# elements: 1
# length: 13
20231105-1722


# name: piTower
# type: sq_string
# elements: 1
# length: 13
SMLT, Ipswich


# name: piRingingname
# type: sq_string
# elements: 1
# length: 7
Touch 2


# name: piStdev
# type: scalar
36.457136903656725


# name: piStdevpercentStr
# type: sq_string
# elements: 1
# length: 4
18.3


# name: piStdevPct
# type: scalar
18.251228657900754


# name: piTouchlength
# type: scalar
288


# name: piPiecelength
# type: scalar
310


# name: piTouchDuration
# type: sq_string
# elements: 1
# length: 14
12 mins 1 secs


# name: piPieceDuration
# type: sq_string
# elements: 1
# length: 15
12 mins 57 secs


# name: piMethod
# type: sq_string
# elements: 1
# length: 26
Cambridge Surprise Maximus


# name: piPealSpeed
# type: scalar struct
# ndims: 2
 1 1
# length: 2
# name: string
# type: sq_string
# elements: 1
# length: 13
3 hrs 30 mins


# name: numeric
# type: scalar
12616678.66457952




# name: piNBells
# type: scalar
12


# name: piRowsBadInPiece
# type: scalar
10


# name: piTouchFaults
# type: scalar struct
# ndims: 2
 1 1
# length: 2
# name: count
# type: scalar struct
# ndims: 2
 1 1
# length: 3
# name: hand
# type: scalar
280


# name: back
# type: scalar
271


# name: all
# type: scalar
551




# name: mean
# type: scalar struct
# ndims: 2
 1 1
# length: 3
# name: hand
# type: scalar
28.809107990527774


# name: back
# type: scalar
27.997378780170578


# name: all
# type: scalar
28.295091927587563






# name: piExpstring
# type: sq_string
# elements: 0




