# Created by Octave 4.4.1, Mon Jan 15 21:31:11 2024 GMT <unknown@LAPTOP-4UL5BSB8>
# name: TouchDetails
# type: scalar struct
# ndims: 2
 1 1
# length: 17
# name: piSourcefilename
# type: sq_string
# elements: 1
# length: 76
C:\Users\Hawkear\Ringing Files\Recordings\SMLT\SMLT.20240115-2130.s0t0.9.wav


# name: piRingingdatetime
# type: sq_string
# elements: 1
# length: 13
20240115-2130


# name: piTower
# type: sq_string
# elements: 1
# length: 13
SMLT, Ipswich


# name: piRingingname
# type: sq_string
# elements: 1
# length: 7
Touch 9


# name: piStdev
# type: scalar
42.006255473983181


# name: piStdevpercentStr
# type: sq_string
# elements: 1
# length: 4
20.4


# name: piStdevPct
# type: scalar
20.364092461271358


# name: piTouchlength
# type: scalar
288


# name: piPiecelength
# type: scalar
308


# name: piTouchDuration
# type: sq_string
# elements: 1
# length: 15
12 mins 26 secs


# name: piPieceDuration
# type: sq_string
# elements: 1
# length: 15
13 mins 19 secs


# name: piMethod
# type: sq_string
# elements: 1
# length: 26
Cambridge Surprise Maximus


# name: piPealSpeed
# type: scalar struct
# ndims: 2
 1 1
# length: 2
# name: string
# type: sq_string
# elements: 1
# length: 13
3 hrs 38 mins


# name: numeric
# type: scalar
13051140.274479523




# name: piNBells
# type: scalar
12


# name: piRowsBadInPiece
# type: scalar
25


# name: piTouchFaults
# type: scalar struct
# ndims: 2
 1 1
# length: 2
# name: count
# type: scalar struct
# ndims: 2
 1 1
# length: 3
# name: hand
# type: scalar
321


# name: back
# type: scalar
346


# name: all
# type: scalar
667




# name: mean
# type: scalar struct
# ndims: 2
 1 1
# length: 3
# name: hand
# type: scalar
32.054723796549553


# name: back
# type: scalar
32.778063047794099


# name: all
# type: scalar
32.597476539255489






# name: piExpstring
# type: sq_string
# elements: 0




