# Created by Octave 4.4.1, Sun Jun 12 18:05:49 2022 GMT <unknown@LAPTOP-4UL5BSB8>
# name: TouchDetails
# type: scalar struct
# ndims: 2
 1 1
# length: 17
# name: piSourcefilename
# type: sq_string
# elements: 1
# length: 76
C:\Users\Hawkear\Ringing Files\Recordings\smlt\smlt.20220612-1804.s0t0.5.wav


# name: piRingingdatetime
# type: sq_string
# elements: 1
# length: 13
20220612-1804


# name: piTower
# type: sq_string
# elements: 1
# length: 13
SMLT, Ipswich


# name: piRingingname
# type: sq_string
# elements: 1
# length: 7
Touch 5


# name: piStdev
# type: scalar
32.914230563162469


# name: piStdevpercentStr
# type: sq_string
# elements: 1
# length: 4
16.4


# name: piStdevPct
# type: scalar
16.393985026511331


# name: piTouchlength
# type: scalar
252


# name: piPiecelength
# type: scalar
276


# name: piTouchDuration
# type: sq_string
# elements: 1
# length: 15
10 mins 35 secs


# name: piPieceDuration
# type: sq_string
# elements: 1
# length: 15
11 mins 36 secs


# name: piMethod
# type: sq_string
# elements: 1
# length: 15
Stedman Cinques


# name: piPealSpeed
# type: scalar struct
# ndims: 2
 1 1
# length: 2
# name: string
# type: sq_string
# elements: 1
# length: 13
3 hrs 32 mins


# name: numeric
# type: scalar
12703465.348681426




# name: piNBells
# type: scalar
12


# name: piRowsBadInPiece
# type: scalar
6


# name: piTouchFaults
# type: scalar struct
# ndims: 2
 1 1
# length: 2
# name: count
# type: scalar struct
# ndims: 2
 1 1
# length: 3
# name: hand
# type: scalar
197


# name: back
# type: scalar
176


# name: all
# type: scalar
373




# name: mean
# type: scalar struct
# ndims: 2
 1 1
# length: 3
# name: hand
# type: scalar
25.610396126040797


# name: back
# type: scalar
24.978575453954299


# name: all
# type: scalar
25.625242127748496






# name: piExpstring
# type: sq_string
# elements: 0




