# Created by Octave 4.4.1, Wed Jan 10 21:52:28 2024 GMT <unknown@LAPTOP-4UL5BSB8>
# name: TouchDetails
# type: scalar struct
# ndims: 2
 1 1
# length: 17
# name: piSourcefilename
# type: sq_string
# elements: 1
# length: 76
C:\Users\Hawkear\Ringing Files\Recordings\SMLT\SMLT.20231015-1753.s0t0.1.wav


# name: piRingingdatetime
# type: sq_string
# elements: 1
# length: 13
20231015-1753


# name: piTower
# type: sq_string
# elements: 1
# length: 13
SMLT, Ipswich


# name: piRingingname
# type: sq_string
# elements: 1
# length: 7
Touch 1


# name: piStdev
# type: scalar
38.374782562023078


# name: piStdevpercentStr
# type: sq_string
# elements: 1
# length: 4
15.6


# name: piStdevPct
# type: scalar
15.615358271239202


# name: piTouchlength
# type: scalar
1295


# name: piPiecelength
# type: scalar
1332


# name: piTouchDuration
# type: sq_string
# elements: 1
# length: 15
55 mins 24 secs


# name: piPieceDuration
# type: sq_string
# elements: 1
# length: 14
57 mins 0 secs


# name: piMethod
# type: sq_string
# elements: 1
# length: 11
Erin Caters


# name: piPealSpeed
# type: scalar struct
# ndims: 2
 1 1
# length: 2
# name: string
# type: sq_string
# elements: 1
# length: 13
3 hrs 36 mins


# name: numeric
# type: scalar
12936977.704401027




# name: piNBells
# type: scalar
10


# name: piRowsBadInPiece
# type: scalar
73


# name: piTouchFaults
# type: scalar struct
# ndims: 2
 1 1
# length: 2
# name: count
# type: scalar struct
# ndims: 2
 1 1
# length: 3
# name: hand
# type: scalar
643


# name: back
# type: scalar
490


# name: all
# type: scalar
1133




# name: mean
# type: scalar struct
# ndims: 2
 1 1
# length: 3
# name: hand
# type: scalar
29.931251551766653


# name: back
# type: scalar
27.514605795332987


# name: all
# type: scalar
28.692203865549374






# name: piExpstring
# type: sq_string
# elements: 0




