# Created by Octave 4.4.1, Sun Nov 05 17:44:16 2023 GMT <unknown@LAPTOP-4UL5BSB8>
# name: TouchDetails
# type: scalar struct
# ndims: 2
 1 1
# length: 17
# name: piSourcefilename
# type: sq_string
# elements: 1
# length: 76
C:\Users\Hawkear\Ringing Files\Recordings\SMLT\SMLT.20231105-1742.s0t0.3.wav


# name: piRingingdatetime
# type: sq_string
# elements: 1
# length: 13
20231105-1742


# name: piTower
# type: sq_string
# elements: 1
# length: 13
SMLT, Ipswich


# name: piRingingname
# type: sq_string
# elements: 1
# length: 7
Touch 3


# name: piStdev
# type: scalar
33.637402723906149


# name: piStdevpercentStr
# type: sq_string
# elements: 1
# length: 4
16.8


# name: piStdevPct
# type: scalar
16.826741798201176


# name: piTouchlength
# type: scalar
288


# name: piPiecelength
# type: scalar
300


# name: piTouchDuration
# type: sq_string
# elements: 1
# length: 14
12 mins 1 secs


# name: piPieceDuration
# type: sq_string
# elements: 1
# length: 15
12 mins 32 secs


# name: piMethod
# type: sq_string
# elements: 1
# length: 26
Cambridge Surprise Maximus


# name: piPealSpeed
# type: scalar struct
# ndims: 2
 1 1
# length: 2
# name: string
# type: sq_string
# elements: 1
# length: 13
3 hrs 30 mins


# name: numeric
# type: scalar
12616437.448852444




# name: piNBells
# type: scalar
12


# name: piRowsBadInPiece
# type: scalar
6


# name: piTouchFaults
# type: scalar struct
# ndims: 2
 1 1
# length: 2
# name: count
# type: scalar struct
# ndims: 2
 1 1
# length: 3
# name: hand
# type: scalar
221


# name: back
# type: scalar
234


# name: all
# type: scalar
455




# name: mean
# type: scalar struct
# ndims: 2
 1 1
# length: 3
# name: hand
# type: scalar
26.791398604048613


# name: back
# type: scalar
25.703844908241852


# name: all
# type: scalar
26.258429665461531






# name: piExpstring
# type: sq_string
# elements: 0




