# Created by Octave 4.4.1, Mon Jan 15 22:54:07 2024 GMT <unknown@LAPTOP-4UL5BSB8>
# name: TouchDetails
# type: scalar struct
# ndims: 2
 1 1
# length: 17
# name: piSourcefilename
# type: sq_string
# elements: 1
# length: 76
C:\Users\Hawkear\Ringing Files\Recordings\SMLT\SMLT.20240115-2034.s0t0.3.wav


# name: piRingingdatetime
# type: sq_string
# elements: 1
# length: 13
20240115-2034


# name: piTower
# type: sq_string
# elements: 1
# length: 13
SMLT, Ipswich


# name: piRingingname
# type: sq_string
# elements: 1
# length: 7
Touch 3


# name: piStdev
# type: scalar
44.957844255851001


# name: piStdevpercentStr
# type: sq_string
# elements: 1
# length: 4
21.8


# name: piStdevPct
# type: scalar
21.755770651204283


# name: piTouchlength
# type: scalar
288


# name: piPiecelength
# type: scalar
312


# name: piTouchDuration
# type: sq_string
# elements: 1
# length: 15
12 mins 28 secs


# name: piPieceDuration
# type: sq_string
# elements: 1
# length: 15
13 mins 32 secs


# name: piMethod
# type: sq_string
# elements: 1
# length: 26
Cambridge Surprise Maximus


# name: piPealSpeed
# type: scalar struct
# ndims: 2
 1 1
# length: 2
# name: string
# type: sq_string
# elements: 1
# length: 13
3 hrs 38 mins


# name: numeric
# type: scalar
13088050.289031429




# name: piNBells
# type: scalar
12


# name: piRowsBadInPiece
# type: scalar
40


# name: piTouchFaults
# type: scalar struct
# ndims: 2
 1 1
# length: 2
# name: count
# type: scalar struct
# ndims: 2
 1 1
# length: 3
# name: hand
# type: scalar
356


# name: back
# type: scalar
361


# name: all
# type: scalar
717




# name: mean
# type: scalar struct
# ndims: 2
 1 1
# length: 3
# name: hand
# type: scalar
33.439215393672555


# name: back
# type: scalar
34.704605619903909


# name: all
# type: scalar
33.84394549214602






# name: piExpstring
# type: sq_string
# elements: 0




