# Created by Octave 4.4.1, Sun Feb 04 18:12:26 2024 GMT <unknown@LAPTOP-4UL5BSB8>
# name: TouchDetails
# type: scalar struct
# ndims: 2
 1 1
# length: 17
# name: piSourcefilename
# type: sq_string
# elements: 1
# length: 76
C:\Users\Hawkear\Ringing Files\Recordings\SMLT\SMLT.20240204-1811.s0t0.4.wav


# name: piRingingdatetime
# type: sq_string
# elements: 1
# length: 13
20240204-1811


# name: piTower
# type: sq_string
# elements: 1
# length: 13
SMLT, Ipswich


# name: piRingingname
# type: sq_string
# elements: 1
# length: 7
Touch 4


# name: piStdev
# type: scalar
35.535147024941566


# name: piStdevpercentStr
# type: sq_string
# elements: 1
# length: 4
17.1


# name: piStdevPct
# type: scalar
17.061907839438202


# name: piTouchlength
# type: scalar
264


# name: piPiecelength
# type: scalar
284


# name: piTouchDuration
# type: sq_string
# elements: 1
# length: 15
11 mins 28 secs


# name: piPieceDuration
# type: sq_string
# elements: 1
# length: 15
12 mins 22 secs


# name: piMethod
# type: sq_string
# elements: 1
# length: 17
Grandsire Cinques


# name: piPealSpeed
# type: scalar struct
# ndims: 2
 1 1
# length: 2
# name: string
# type: sq_string
# elements: 1
# length: 13
3 hrs 39 mins


# name: numeric
# type: scalar
13143566.940574925




# name: piNBells
# type: scalar
12


# name: piRowsBadInPiece
# type: scalar
8


# name: piTouchFaults
# type: scalar struct
# ndims: 2
 1 1
# length: 2
# name: count
# type: scalar struct
# ndims: 2
 1 1
# length: 3
# name: hand
# type: scalar
240


# name: back
# type: scalar
201


# name: all
# type: scalar
441




# name: mean
# type: scalar struct
# ndims: 2
 1 1
# length: 3
# name: hand
# type: scalar
28.854316539111839


# name: back
# type: scalar
26.765194808489401


# name: all
# type: scalar
27.620030873493679






# name: piExpstring
# type: sq_string
# elements: 0




