# Created by Octave 4.4.1, Sun May 29 17:50:08 2022 GMT <unknown@LAPTOP-4UL5BSB8>
# name: TouchDetails
# type: scalar struct
# ndims: 2
 1 1
# length: 17
# name: piSourcefilename
# type: sq_string
# elements: 1
# length: 76
C:\Users\Hawkear\Ringing Files\Recordings\smlt\smlt.20220529-1749.s0t0.4.wav


# name: piRingingdatetime
# type: sq_string
# elements: 1
# length: 13
20220529-1749


# name: piTower
# type: sq_string
# elements: 1
# length: 13
SMLT, Ipswich


# name: piRingingname
# type: sq_string
# elements: 1
# length: 7
Touch 4


# name: piStdev
# type: scalar
34.211141646485963


# name: piStdevpercentStr
# type: sq_string
# elements: 1
# length: 4
16.6


# name: piStdevPct
# type: scalar
16.595339355705679


# name: piTouchlength
# type: scalar
252


# name: piPiecelength
# type: scalar
270


# name: piTouchDuration
# type: sq_string
# elements: 1
# length: 15
10 mins 53 secs


# name: piPieceDuration
# type: sq_string
# elements: 1
# length: 15
11 mins 40 secs


# name: piMethod
# type: sq_string
# elements: 1
# length: 15
Stedman Cinques


# name: piPealSpeed
# type: scalar struct
# ndims: 2
 1 1
# length: 2
# name: string
# type: sq_string
# elements: 1
# length: 13
3 hrs 38 mins


# name: numeric
# type: scalar
13050124.890484482




# name: piNBells
# type: scalar
12


# name: piRowsBadInPiece
# type: scalar
7


# name: piTouchFaults
# type: scalar struct
# ndims: 2
 1 1
# length: 2
# name: count
# type: scalar struct
# ndims: 2
 1 1
# length: 3
# name: hand
# type: scalar
184


# name: back
# type: scalar
198


# name: all
# type: scalar
382




# name: mean
# type: scalar struct
# ndims: 2
 1 1
# length: 3
# name: hand
# type: scalar
26.238052012384241


# name: back
# type: scalar
26.636620442410241


# name: all
# type: scalar
26.491132025113906






# name: piExpstring
# type: sq_string
# elements: 0




