# Created by Octave 4.4.1, Sun Jun 23 18:53:41 2024 GMT <unknown@LAPTOP-4UL5BSB8>
# name: TouchDetails
# type: scalar struct
# ndims: 2
 1 1
# length: 17
# name: piSourcefilename
# type: sq_string
# elements: 1
# length: 76
C:\Users\Hawkear\Ringing Files\Recordings\SMLT\SMLT.20240623-1852.s0t0.9.wav


# name: piRingingdatetime
# type: sq_string
# elements: 1
# length: 13
20240623-1852


# name: piTower
# type: sq_string
# elements: 1
# length: 13
SMLT, Ipswich


# name: piRingingname
# type: sq_string
# elements: 1
# length: 7
Touch 9


# name: piStdev
# type: scalar
36.145179806542409


# name: piStdevpercentStr
# type: sq_string
# elements: 1
# length: 4
13.9


# name: piStdevPct
# type: scalar
13.88887758440686


# name: piTouchlength
# type: scalar
252


# name: piPiecelength
# type: scalar
274


# name: piTouchDuration
# type: sq_string
# elements: 1
# length: 14
9 mins 15 secs


# name: piPieceDuration
# type: sq_string
# elements: 1
# length: 14
10 mins 2 secs


# name: piMethod
# type: sq_string
# elements: 1
# length: 17
Grandsire Triples


# name: piPealSpeed
# type: scalar struct
# ndims: 2
 1 1
# length: 2
# name: string
# type: sq_string
# elements: 1
# length: 12
3 hrs 5 mins


# name: numeric
# type: scalar
11094213.934169475




# name: piNBells
# type: scalar
8


# name: piRowsBadInPiece
# type: scalar
5


# name: piTouchFaults
# type: scalar struct
# ndims: 2
 1 1
# length: 2
# name: count
# type: scalar struct
# ndims: 2
 1 1
# length: 3
# name: hand
# type: scalar
76


# name: back
# type: scalar
63


# name: all
# type: scalar
139




# name: mean
# type: scalar struct
# ndims: 2
 1 1
# length: 3
# name: hand
# type: scalar
29.709208817164548


# name: back
# type: scalar
26.534765979203069


# name: all
# type: scalar
28.261506777491007






# name: piExpstring
# type: sq_string
# elements: 0




