# Created by Octave 4.4.1, Sun Jun 23 20:12:17 2024 GMT <unknown@LAPTOP-4UL5BSB8>
# name: TouchDetails
# type: scalar struct
# ndims: 2
 1 1
# length: 17
# name: piSourcefilename
# type: sq_string
# elements: 1
# length: 77
C:\Users\Hawkear\Ringing Files\Recordings\SMLT\SMLT.20240623-1929.s0t0.14.wav


# name: piRingingdatetime
# type: sq_string
# elements: 1
# length: 13
20240623-1929


# name: piTower
# type: sq_string
# elements: 1
# length: 13
SMLT, Ipswich


# name: piRingingname
# type: sq_string
# elements: 1
# length: 8
Touch 14


# name: piStdev
# type: scalar
63.539707482901704


# name: piStdevpercentStr
# type: sq_string
# elements: 1
# length: 4
31.8


# name: piStdevPct
# type: scalar
31.830003739449005


# name: piTouchlength
# type: scalar
52


# name: piPiecelength
# type: scalar
56


# name: piTouchDuration
# type: sq_string
# elements: 1
# length: 14
2 mins 10 secs


# name: piPieceDuration
# type: sq_string
# elements: 1
# length: 14
2 mins 21 secs


# name: piMethod
# type: sq_string
# elements: 1
# length: 20
Call Changes Cinques


# name: piPealSpeed
# type: scalar struct
# ndims: 2
 1 1
# length: 2
# name: string
# type: sq_string
# elements: 1
# length: 13
3 hrs 30 mins


# name: numeric
# type: scalar
12603951.444409156




# name: piNBells
# type: scalar
12


# name: piRowsBadInPiece
# type: scalar
33


# name: piTouchFaults
# type: scalar struct
# ndims: 2
 1 1
# length: 2
# name: count
# type: scalar struct
# ndims: 2
 1 1
# length: 3
# name: hand
# type: scalar
125


# name: back
# type: scalar
157


# name: all
# type: scalar
282




# name: mean
# type: scalar struct
# ndims: 2
 1 1
# length: 3
# name: hand
# type: scalar
48.011624260692393


# name: back
# type: scalar
53.793563601242333


# name: all
# type: scalar
50.856443745305604






# name: piExpstring
# type: sq_string
# elements: 0




