# Created by Octave 4.4.1, Sun Jan 07 17:59:21 2024 GMT <unknown@LAPTOP-4UL5BSB8>
# name: TouchDetails
# type: scalar struct
# ndims: 2
 1 1
# length: 17
# name: piSourcefilename
# type: sq_string
# elements: 1
# length: 76
C:\Users\Hawkear\Ringing Files\Recordings\SMLT\SMLT.20240107-1735.s0t0.4.wav


# name: piRingingdatetime
# type: sq_string
# elements: 1
# length: 13
20240107-1735


# name: piTower
# type: sq_string
# elements: 1
# length: 13
SMLT, Ipswich


# name: piRingingname
# type: sq_string
# elements: 1
# length: 7
Touch 4


# name: piStdev
# type: scalar
37.606530218394845


# name: piStdevpercentStr
# type: sq_string
# elements: 1
# length: 4
19.2


# name: piStdevPct
# type: scalar
19.157535532964399


# name: piTouchlength
# type: scalar
56


# name: piPiecelength
# type: scalar
74


# name: piTouchDuration
# type: sq_string
# elements: 1
# length: 14
2 mins 18 secs


# name: piPieceDuration
# type: sq_string
# elements: 1
# length: 13
3 mins 4 secs


# name: piMethod
# type: sq_string
# elements: 1
# length: 26
Cambridge Surprise Maximus


# name: piPealSpeed
# type: scalar struct
# ndims: 2
 1 1
# length: 2
# name: string
# type: sq_string
# elements: 1
# length: 13
3 hrs 26 mins


# name: numeric
# type: scalar
12387061.847924411




# name: piNBells
# type: scalar
12


# name: piRowsBadInPiece
# type: scalar
3


# name: piTouchFaults
# type: scalar struct
# ndims: 2
 1 1
# length: 2
# name: count
# type: scalar struct
# ndims: 2
 1 1
# length: 3
# name: hand
# type: scalar
54


# name: back
# type: scalar
54


# name: all
# type: scalar
108




# name: mean
# type: scalar struct
# ndims: 2
 1 1
# length: 3
# name: hand
# type: scalar
28.911786985276802


# name: back
# type: scalar
25.802047090533499


# name: all
# type: scalar
28.149192319724936






# name: piExpstring
# type: sq_string
# elements: 0




