# Created by Octave 4.4.1, Sun Jun 12 17:29:39 2022 GMT <unknown@LAPTOP-4UL5BSB8>
# name: TouchDetails
# type: scalar struct
# ndims: 2
 1 1
# length: 17
# name: piSourcefilename
# type: sq_string
# elements: 1
# length: 76
C:\Users\Hawkear\Ringing Files\Recordings\smlt\smlt.20220612-1728.s0t0.3.wav


# name: piRingingdatetime
# type: sq_string
# elements: 1
# length: 13
20220612-1728


# name: piTower
# type: sq_string
# elements: 1
# length: 13
SMLT, Ipswich


# name: piRingingname
# type: sq_string
# elements: 1
# length: 7
Touch 3


# name: piStdev
# type: scalar
33.338845850058284


# name: piStdevpercentStr
# type: sq_string
# elements: 1
# length: 4
16.2


# name: piStdevPct
# type: scalar
16.247747697335335


# name: piTouchlength
# type: scalar
252


# name: piPiecelength
# type: scalar
282


# name: piTouchDuration
# type: sq_string
# elements: 1
# length: 15
10 mins 49 secs


# name: piPieceDuration
# type: sq_string
# elements: 1
# length: 14
12 mins 7 secs


# name: piMethod
# type: sq_string
# elements: 1
# length: 15
Stedman Cinques


# name: piPealSpeed
# type: scalar struct
# ndims: 2
 1 1
# length: 2
# name: string
# type: sq_string
# elements: 1
# length: 13
3 hrs 36 mins


# name: numeric
# type: scalar
12979312.740593718




# name: piNBells
# type: scalar
12


# name: piRowsBadInPiece
# type: scalar
1


# name: piTouchFaults
# type: scalar struct
# ndims: 2
 1 1
# length: 2
# name: count
# type: scalar struct
# ndims: 2
 1 1
# length: 3
# name: hand
# type: scalar
206


# name: back
# type: scalar
168


# name: all
# type: scalar
374




# name: mean
# type: scalar struct
# ndims: 2
 1 1
# length: 3
# name: hand
# type: scalar
27.556869477385728


# name: back
# type: scalar
25.864143608398827


# name: all
# type: scalar
26.164860040872458






# name: piExpstring
# type: sq_string
# elements: 0




