# Created by Octave 4.4.1, Sun Jan 07 18:00:54 2024 GMT <unknown@LAPTOP-4UL5BSB8>
# name: TouchDetails
# type: scalar struct
# ndims: 2
 1 1
# length: 17
# name: piSourcefilename
# type: sq_string
# elements: 1
# length: 76
C:\Users\Hawkear\Ringing Files\Recordings\SMLT\SMLT.20240107-1722.s0t0.2.wav


# name: piRingingdatetime
# type: sq_string
# elements: 1
# length: 13
20240107-1722


# name: piTower
# type: sq_string
# elements: 1
# length: 13
SMLT, Ipswich


# name: piRingingname
# type: sq_string
# elements: 1
# length: 7
Touch 2


# name: piStdev
# type: scalar
43.223081426531081


# name: piStdevpercentStr
# type: sq_string
# elements: 1
# length: 4
21.7


# name: piStdevPct
# type: scalar
21.736463500028503


# name: piTouchlength
# type: scalar
288


# name: piPiecelength
# type: scalar
310


# name: piTouchDuration
# type: sq_string
# elements: 1
# length: 15
11 mins 59 secs


# name: piPieceDuration
# type: sq_string
# elements: 1
# length: 15
12 mins 56 secs


# name: piMethod
# type: sq_string
# elements: 1
# length: 26
Cambridge Surprise Maximus


# name: piPealSpeed
# type: scalar struct
# ndims: 2
 1 1
# length: 2
# name: string
# type: sq_string
# elements: 1
# length: 13
3 hrs 30 mins


# name: numeric
# type: scalar
12575225.314150324




# name: piNBells
# type: scalar
12


# name: piRowsBadInPiece
# type: scalar
23


# name: piTouchFaults
# type: scalar struct
# ndims: 2
 1 1
# length: 2
# name: count
# type: scalar struct
# ndims: 2
 1 1
# length: 3
# name: hand
# type: scalar
374


# name: back
# type: scalar
366


# name: all
# type: scalar
740




# name: mean
# type: scalar struct
# ndims: 2
 1 1
# length: 3
# name: hand
# type: scalar
33.093061323322054


# name: back
# type: scalar
32.676980596090914


# name: all
# type: scalar
32.95713343116487






# name: piExpstring
# type: sq_string
# elements: 0




