# Created by Octave 4.4.1, Sun Nov 05 18:16:48 2023 GMT <unknown@LAPTOP-4UL5BSB8>
# name: TouchDetails
# type: scalar struct
# ndims: 2
 1 1
# length: 17
# name: piSourcefilename
# type: sq_string
# elements: 1
# length: 76
C:\Users\Hawkear\Ringing Files\Recordings\SMLT\SMLT.20231105-1815.s0t0.5.wav


# name: piRingingdatetime
# type: sq_string
# elements: 1
# length: 13
20231105-1815


# name: piTower
# type: sq_string
# elements: 1
# length: 13
SMLT, Ipswich


# name: piRingingname
# type: sq_string
# elements: 1
# length: 7
Touch 5


# name: piStdev
# type: scalar
37.647864505465343


# name: piStdevpercentStr
# type: sq_string
# elements: 1
# length: 4
19.1


# name: piStdevPct
# type: scalar
19.113959509674356


# name: piTouchlength
# type: scalar
288


# name: piPiecelength
# type: scalar
314


# name: piTouchDuration
# type: sq_string
# elements: 1
# length: 15
11 mins 51 secs


# name: piPieceDuration
# type: sq_string
# elements: 1
# length: 15
12 mins 57 secs


# name: piMethod
# type: sq_string
# elements: 1
# length: 26
Cambridge Surprise Maximus


# name: piPealSpeed
# type: scalar struct
# ndims: 2
 1 1
# length: 2
# name: string
# type: sq_string
# elements: 1
# length: 13
3 hrs 27 mins


# name: numeric
# type: scalar
12448052.406941025




# name: piNBells
# type: scalar
12


# name: piRowsBadInPiece
# type: scalar
11


# name: piTouchFaults
# type: scalar struct
# ndims: 2
 1 1
# length: 2
# name: count
# type: scalar struct
# ndims: 2
 1 1
# length: 3
# name: hand
# type: scalar
298


# name: back
# type: scalar
296


# name: all
# type: scalar
594




# name: mean
# type: scalar struct
# ndims: 2
 1 1
# length: 3
# name: hand
# type: scalar
30.010735612135317


# name: back
# type: scalar
28.862588751561258


# name: all
# type: scalar
29.452373805463736






# name: piExpstring
# type: sq_string
# elements: 0




